Test:
Accuracy: 0.6746015221967752
F1: [0.70169432 0.5793775  0.73751852]
Precision: [0.69700651 0.58452559 0.73635694]
Recall: [0.70644561 0.5743193  0.73868377]
AUC: 0.8462328645291564

Evaluation:

Accuracy: 0.6079817232146261
F1: [0.54106717 0.41055358 0.73043556]
Precision: [0.45159281 0.37195197 0.85633954]
Recall: [0.67475724 0.45809524 0.63680833]
AUC: 0.7949740100845789