Stopwords removed:

Accuracy: 0.7285724200152682
F1: [0.76001151 0.62982147 0.7928321 ]
Precision: [0.78024147 0.62168789 0.78309427]
Recall: [0.74080407 0.63817069 0.80281517]
AUC: 0.887349577054018

Stopwords not removed:

Accuracy: 0.7640363661600389
F1: [0.79430585 0.66472165 0.82849727]
Precision: [0.7913883  0.66641274 0.82955964]
Recall: [0.79724498 0.66303913 0.82743762]
AUC: 0.9111996780318151

Eval scores, stopwords removed:

Accuracy: 0.6224176073404325
F1: [0.58392239 0.42699527 0.74189887]
Precision: [0.55069289 0.34590655 0.87227875]
Recall: [0.62141964 0.55774364 0.64542667]
AUC: 0.808178655399042

Eval scores, stopwords not removed:

Accuracy: 0.6979647817998567
F1: [0.65884973 0.49508926 0.81187734]
Precision: [0.63063799 0.4152098  0.9134265 ]
Recall: [0.68970379 0.61302509 0.73064833]
AUC: 0.8661601819697881
